vx_size=18432 bytes
num_blocks=16
Block[0]:
  d[0-7]: 0.0002141 0.00011307 0.000101328 0.000211477 0.000234246 9.71556e-05 9.60827e-05 0.00018239 
  dmin[0-7]: 0.00214195 0.000983238 0.000882149 0.0018816 0.00160027 0.000623226 0.000881195 0.00145912 
  first 32 scales: 240 233 241 255 227 209 171 255 159 243 229 236 181 185 172 178 239 187 168 166 122 184 73 253 161 255 255 182 204 255 227 171 
  first 32 qs: 172 189 135 182 143 214 167 199 181 196 211 133 178 118 116 99 106 111 56 167 111 216 248 248 138 189 201 138 155 170 73 73 
Block[1]:
  d[0-7]: 0.000176311 9.97782e-05 9.15527e-05 0.000205755 0.000201464 9.35197e-05 8.73804e-05 0.000181437 
  dmin[0-7]: 0.00164127 0.000851154 0.000823021 0.0020771 0.00188065 0.000804901 0.000664711 0.001688 
  first 32 scales: 171 246 244 109 165 228 191 83 171 247 239 190 255 255 255 247 182 191 233 170 202 223 254 151 233 183 178 255 158 114 221 191 
  first 32 qs: 128 137 40 143 133 174 45 142 146 170 102 245 151 153 210 156 105 90 11 79 105 110 30 104 128 136 116 201 133 151 87 142 
Block[2]:
  d[0-7]: 0.000169516 0.000102997 9.32217e-05 0.000186801 0.000195742 8.88109e-05 0.000100493 0.000182629 
  dmin[0-7]: 0.00158215 0.00093317 0.000699997 0.00172424 0.00195122 0.000736237 0.000694752 0.00134563 
  first 32 scales: 169 220 177 170 99 81 166 157 164 241 231 7 243 235 255 251 173 233 252 186 207 255 255 216 255 181 165 255 191 106 226 191 
  first 32 qs: 169 115 135 72 136 136 152 190 246 19 132 195 133 134 53 177 117 153 118 53 134 118 182 143 195 97 149 182 150 150 118 152 
