vx_size=18432 bytes
num_blocks=16
Block[0]:
  d[0-7]: 0.0002141 0.000155449 9.09567e-05 0.000150323 0.000103354 0.000124812 0.000127792 7.30157e-05 
  dmin[0-7]: 0.0019207 0.00132179 0.000815868 0.00144863 0.000919342 0.00135994 0.00105858 0.000807285 
  first 32 scales: 248 191 185 168 236 164 116 161 147 88 172 141 241 219 242 255 226 217 177 191 198 255 59 175 160 185 185 174 153 125 255 161 
  first 32 qs: 152 137 152 167 100 72 71 151 52 0 49 37 201 52 133 85 155 3 16 202 203 42 120 88 150 69 139 119 155 151 168 136 
Block[1]:
  d[0-7]: 0.000221729 0.000165224 0.000113606 0.000107646 0.00012362 9.28044e-05 0.000151515 0.00012219 
  dmin[0-7]: 0.00197792 0.00150871 0.000776291 0.000841141 0.000779152 0.000628948 0.00136185 0.000807762 
  first 32 scales: 161 161 99 97 32 147 154 21 242 164 27 227 179 226 175 182 158 218 190 241 36 255 51 249 163 233 172 106 216 223 122 108 
  first 32 qs: 84 80 105 120 83 102 61 89 118 126 5 132 115 105 99 127 145 151 21 164 144 148 132 158 120 126 117 105 123 100 246 122 
Block[2]:
  d[0-7]: 0.000257254 0.00015974 0.000146866 0.000214338 0.00020647 0.000268698 0.000287056 0.000115037 
  dmin[0-7]: 0.00306511 0.00156689 0.000883102 0.00238228 0.00204277 0.00292206 0.00222969 0.00104141 
  first 32 scales: 99 93 84 101 90 29 26 151 6 229 192 94 248 244 223 253 211 225 179 242 255 79 63 255 188 252 191 183 142 242 127 191 
  first 32 qs: 89 86 73 26 73 73 137 64 121 109 105 78 106 106 106 94 136 201 169 95 168 168 152 147 154 170 151 153 151 151 151 110 
