vx_size=18432 bytes
num_blocks=16
Block[0]:
  d[0-7]: 7.51019e-05 7.76052e-05 0.000152111 9.19104e-05 0.000115097 0.000163913 0.000141025 0.000140429 
  dmin[0-7]: 0.000641823 0.000449419 0.00105953 0.000761986 0.000887394 0.00162888 0.000999451 0.00111961 
  first 32 scales: 247 179 248 243 237 191 255 180 39 61 255 84 255 178 236 184 255 186 243 121 253 22 113 137 243 223 191 255 157 223 153 253 
  first 32 qs: 230 160 70 165 182 158 231 103 126 168 101 198 120 9 23 103 134 16 71 184 120 120 200 56 186 239 132 187 184 126 104 185 
Block[1]:
  d[0-7]: 8.99434e-05 8.05855e-05 0.000135779 9.78708e-05 9.59635e-05 0.000127316 0.000124216 0.000139952 
  dmin[0-7]: 0.000716686 0.000651836 0.00131607 0.000757694 0.00084877 0.00110149 0.00138664 0.00118256 
  first 32 scales: 190 230 248 241 127 158 222 165 236 210 255 223 236 223 254 176 243 162 191 176 108 207 72 189 243 226 191 238 245 226 110 171 
  first 32 qs: 150 171 168 198 154 72 138 153 130 122 103 133 149 189 165 154 168 166 165 145 170 120 163 167 130 122 86 90 130 123 118 131 
Block[2]:
  d[0-7]: 7.9453e-05 7.08699e-05 0.000179052 0.000141859 0.000128865 0.00018847 0.000110567 0.000150561 
  dmin[0-7]: 0.00075531 0.000485182 0.00198364 0.000827312 0.00131512 0.000879765 0.000711918 0.00148296 
  first 32 scales: 99 104 218 232 91 169 152 166 189 59 210 96 255 235 255 237 255 226 255 235 250 111 175 125 240 255 186 255 232 255 173 255 
  first 32 qs: 109 66 149 192 184 167 87 166 253 171 89 60 120 87 92 224 174 133 184 215 186 186 168 206 137 136 85 36 102 86 54 146 
