vy_size=4672 bytes
num_blocks=16
Block[0]:
  d: -0.00373815
  first 32 qs: 6 -35 8 0 -35 9 0 0 6 4 -23 0 0 -4 3 -3 19 -1 16 -9 46 0 2 4 0 2 0 -20 -25 -86 0 -1 
  first 16 bsums: -64 -53 -3 -5 -37 55 -148 59 35 34 1 17 -161 31 36 44 
Block[1]:
  d: -0.00334242
  first 32 qs: 6 13 0 -4 17 8 -16 31 -120 8 8 -2 13 0 0 0 3 0 1 2 14 0 -12 0 -1 -14 1 25 2 -1 -2 -1 
  first 16 bsums: -38 17 -69 -78 -37 -99 71 21 63 -41 -49 3 69 11 -119 -150 
Block[2]:
  d: 0.012941
  first 32 qs: 0 2 0 0 0 0 0 4 0 -2 -1 0 0 3 0 -3 0 -6 -2 0 2 0 0 2 0 0 2 0 0 2 0 0 
  first 16 bsums: 3 0 -4 -109 4 -45 -17 0 -19 -103 6 -18 8 -5 -14 -36 
